,maxtemp19,avgtemp19,mintemp19,maxtemp20,avgtemp20,mintemp20,supply20,supply19
2019-05-25,22.185704083944,19.3544133146838,16.838415186971243,,,,63.20556,62.957657
2019-05-26,22.706755793724756,20.420141932590337,17.32214511058029,,,,62.446716,61.875523
2019-05-27,21.13414607869469,19.747861050205437,17.33293427188513,,,,65.413315,64.71003
2019-05-28,20.508624135469656,18.17538464018947,16.59444867504667,,,,65.413315,64.71003
2019-05-29,23.498683998937715,18.42497247897156,15.777090344436356,,,,65.413315,64.71003
2019-05-30,24.197862249946485,19.609435217556413,17.608710710652545,,,,65.413315,64.82546
2019-05-31,23.40694527904096,19.098286623072447,17.01900450473495,,,,65.03888,64.82546
2019-06-01,22.556215204147996,19.38479258234932,17.47655781241744,,,,63.20556,62.802155
2019-06-02,22.903814794723573,20.417803321963703,17.947582777641294,,,,62.446716,61.72002
2019-06-03,21.38573896025008,19.848982135915637,18.324023529880236,,,,65.413315,64.55453
2019-06-04,21.12114320533139,18.86779330704644,17.79667792175581,,,,65.413315,64.55453
2019-06-05,24.239863039034137,19.801406148909443,16.820653787196182,,,,65.413315,64.55453
2019-06-06,24.993486566308572,21.061177535699436,18.757515651085285,,,,65.413315,64.66996
2019-06-07,24.03843726387522,20.52998589115689,18.111279507508684,,,,65.03888,64.66996
2019-06-08,22.694948755320357,20.615297165491214,18.669099280951762,,,,63.20556,62.802155
2019-06-09,23.101805313336072,21.77679028838847,18.895926260043893,,,,62.91051,62.133575
2019-06-10,21.421170370827202,20.74902174379453,18.54685072627742,,,,65.413315,64.55453
2019-06-11,21.156136239622008,18.858179665553344,17.660509051245334,,,,65.413315,64.55453
2019-06-12,24.28002309809338,19.663497443659715,16.736761018844504,,,,65.413315,64.55453
2019-06-13,25.034895211851783,21.051819846399994,19.02991917345368,,,,65.506584,64.66996
2019-06-14,24.078263605247468,20.26569633415412,18.378009366225676,,,,65.03888,64.66996
2019-06-15,22.73254923519487,20.464553431347447,18.994142430270227,,,,63.298832,62.802155
2019-06-16,23.14007986399111,21.594324622952204,19.3110038293781,,,,63.053974,62.069176
2019-06-17,21.456660483367244,20.65811938687041,19.000466249254526,,,,65.506584,64.55453
2019-06-18,21.191187249583592,19.168282870208824,18.049363632317302,,,,65.413315,64.55453
2019-06-19,24.320249693433833,20.3677277445165,17.109249137924852,,,,65.413315,64.55453
2019-06-20,25.076372462306164,21.784883978369784,19.680528170951227,,,,66.41656,65.4653
2019-06-21,24.118155930004978,21.00640496738214,18.747381902826213,,,,65.03888,64.66996
